153721
187499
447035
623543
454054
292851
863295
405466
660953
635116
195918
963972
813676
723275
111711
315241
418966
681876
755872
844274
715585
649557
301489
691158
663379
272552
617233
694584
309527
577063
868931
471838
294571
532319
151027
906237
818269
689834
255886
520320
428588
699647
561991
140772
481882
180303
943432
759589
995946
781190
290505
797197
989622
947347
717444
549917
790113
320649
336335
181304
501945
599283
589580
963730
366882
298723
813164
202997
768479
578326
291091
260000
803582
587466
139102
301627
679585
240880
131544
988969
458669
683704
202769
870141
225587
301513
995166
971877
635958
292832
873013
992979
757742
680755
564799
748934
495603
153936
790793
577222
325028
614115
346758
528060
860162
259454
512408
130668
210688
556216
483476
847099
548201
929645
908286
704620
377175
855835
648580
267894
992159
940358
666577
268592
154845
145106
781671
976413
282221
628083
964793
499096
300100
645413
810026
510548
101608
106023
944652
154345
364940
346716
414278
892221
613416
182505
813907
451446
947423
755478
309590
687711
568753
748594
565732
467421
467537
868832
265929
521538
638257
981549
494042
157969
780598
820986
982092
541203
723107
727379
422525
525329
487784
450065
571771
413061
257932
120689
234628
418989
252078
246651
374073
491444
925043
279484
392622
868440
427277
180455
751262
498606
623617
644249
507889
574808
576160
142303
826303
317424
427939
965121
528962
144041
404782
849656
247832
385997
955791
738330
496102
174530
911575
397104
445930
392319
235636
548905
158780
121321
799141
561826
113646
813768
432311
566027
813943
558191
940024
187281
203983
759612
890054
363141
377520
745991
899252
320761
781797
777962
666975
801679
511449
355981
144046
320284
301136
591004
273252
237885
487609
110646
431583
479803
749105
235151
523800
547522
478994
387780
919470
501656
857049
815079
974851
523531
224086
537990
983285
525436
424514
233720
972886
725647
666664
838392
709178
579474
750244
277695
892432
708409
547469
619341
644764
304954
455900
412806
327856
846323
209576
396189
657533
402482
150786
333051
103311
155158
257763
233007
104127
155919
815334
286958
474610
411139
331747
723119
650159
247475
602981
787417
603310
441362
821158
557151
485458
136001
755264
656556
459408
634010
909516
277645
651857
734240
705555
529011
538838
347698
751614
803691
193243
577094
319428
639911
607922
757870
537721
631947
210894
625253
610741
830892
814955
735791
925486
529382
435645
289888
964707
797584
984657
702146
465445
679000
544669
759688
897166
961455
651430
443350
388625
217785
129049
684173
999925
209619
625716
425634
571827
994019
546911
259192
709325
160669
120757
863826
976493
113136
533992
806462
237340
860959
721021
177800
279973
584258
131068
965750
313391
310635
991550
422570
685271
667317
398287
632828
106456
830073
474218
288164
702488
427487
951505
497172
386206
797894
280489
661426
754978
260102
295937
472267
143184
928077
757851
971336
404747
761339
814465
706877
635005
320811
523090
420911
450858
772194
969654
367006
718824
770363
688382
545120
863410
843015
786360
434034
316898
812161
705685
976765
198385
122605
960189
390332
126485
606428
538966
477269
626038
205439
162114
575840
220120
354829
568396
504468
162690
517407
559318
877122
651385
699845
672645
389298
411067
680920
987260
257164
543791
234012
261831
494273
164648
948460
120492
943781
356765
999912
588798
207887
854678
710194
892938
652307
671599
837335
331703
638350
813932
147108
189123
763936
619572
274471
840709
547511
432701
280094
193424
651543
420001
584481
106531
860083
378533
925985
804214
468391
611153
584327
729719
958432
177137
352479
847816
514792
993601
813991
296307
480075
592086
686845
968546
847333
487779
542583
473392
653989
729878
963447
864172
142108
200303
382596
136766
181088
803434
660054
694408
892928
360961
143066
599440
951695
394705
770205
427721
802475
295963
469822
472765
279473
392563
763227
275648
349753
336173
874458
438833
818787
640919
563759
988537
702678
863287
856753
242150
185532
770935
917991
696702
678381
866059
587891
596882
242931
203538
947149
184699
428931
104883
151756
635059
146427
448481
790209
171358
893760
589256
639973
486268
781895
795453
800263
939818
945583
282485
926168
294001
775028
197455
685519
945779
188968
555598
796763
437270
315171
457176
782271
875004
319669
993374
157173
573093
377891
181994
518240
433524
322960
910012
287674
958540
525605
699028
565111
432648
621432
569041
403432
370309
880478
837832
917259
304139
617159
597054
666993
306358
413702
285587
999937
213003
826515
332832
219093
720747
275394
844022
884634
394610
157193
979827
265811
788085
258702
607188
994791
817983
343043
137474
580205
719242
216173
565933
339261
321725
106898
309297
774796
547822
897847
870913
717956
849531
854439
158965
103280
806746
601563
806399
248356
189718
394602
155213
168082
187560
509205
823883
493547
313599
801631
385965
642214
296970
738047
241701
769366
720603
396547
649930
527418
765605
155291
209720
868650
533819
493613
302022
803787
540192
613055
372779
895465
519708
957618
544028
546936
311727
744854
554467
445732
609276
366259
606943
726062
101269
322028
758569
815137
440311
320622
456823
291356
932693
694000
607507
366672
195082
875683
683544
510883
640485
210732
123233
850664
172893
790834
811122
245595
310430
423959
465724
847778
842680
448645
374212
271111
556794
359714
168356
341083
933683
730752
215755
326328
802799
479695
393659
696629
948256
976043
961245
808126
729580
220999
417184
219761
929653
802329
921235
730337
495986
241855
856573
979425
450287
632772
749000
335653
367386
286815
145640
223968
343921
537473
421325
909890
379368
887577
554850
435986
618097
590410
200105
709964
168255
319930
321198
689094
185215
268349
203587
992603
486232
649318
763398
940931
374929
412084
312627
879108
731028
149820
363902
285011
474857
322346
366310
576809
933044
273546
264477
971604
627047
824594
227367
570458
146722
547060
430967
881904
446039
168577
552692
712501
224040
256745
510219
117681
316334
526267
728617
879544
436246
743645
217231
603979
252703
243071
421920
282767
649919
754416
222518
847762
137839
553640
975991
747458
391845
183269
347326
541965
568632
603575
278143
556018
838990
437572
410812
762543
840149
602220
786805
485679
504965
898987
842589
891180
725696
126100
597601
517542
817783
339831
348452
427090
578362
480201
784397
948744
464109
920393
739576
163800
581425
838024
855433
797913
909472
236153
469431
541265
529530
611950
113758
978763
993632
213851
485108
607698
382288
709107
312152
281916
362621
933076
839401
469777
856531
829614
693448
286051
959761
931773
771409
505827
107065
525107
540408
741120
808218
397798
826706
784823
641986
858974
638922
872879
679659
136273
745303
167375
412275
274667
351850
225854
875520
598340
358666
884792
112413
876054
651505
495097
455756
865286
984246
104213
881700
378209
614211
150818
835410
988049
476857
834362
643860
467242
846747
854997
669615
590660
461584
347446
921772
351156
583880
544966
575633
457982
124725
340628
265481
871867
831173
712908
159430
961086
443203
414277
299692
466759
924758
996962
340337
873751
639210
278986
823512
424141
927732
499313
526804
512124
777225
692848
776451
521731
798455
783312
848385
984780
718972
604751
809156
522138
774484
791497
777771
159259
850820
226587
836388
224092
778852
180551
989674
544735
105289
728190
110967
963430
552162
726781
988396
818297
748210
235595
157437
113019
116327
737894
361764
611394
960556
912037
924349
398195
372276
822947
842931
876356
608071
993127
351068
750331
666483
975411
402805
788439
330293
715415
839045
332418
614103
378122
295751
723396
162436
293914
758801
602955
847635
984224
404245
186165
133902
704752
728533
390939
378397
750346
369621
842686
254433
677060
264668
887809
557626
482656
180066
776685
791112
801349
285360
296053
201340
119377
819975
211989
823391
899020
836758
180820
521789
978074
883236
482443
563387
715312
726662
876629
392511
860242
933665
792877
768983
220916
359165
157004
300725
947989
140559
898011
297069
170897
306578
620854
983455
996636
819648
864074
283258
856113
747860
316260
152075
370244
143190
162066
441526
506074
851403
551963
262441
623853
620974
424364
859063
143590
679004
577777
411427
528933
299486
764644
147917
471942
849427
241273
241766
989545
257049
832061
880296
955961
198282
728991
146372
789659
571023
752372
691130
915974
512686
151617
507651
815571
233995
364426
950369
691522
224335
700081
672299
714019
646123
358367
725393
230905
419445
711344
166728
763435
595681
689768
569126
398728
155382
485578
712856
771123
842404
610212
676748
823741
535357
697319
706669
966038
160958
772533
849152
348442
394664
231529
527669
465954
514567
651542
312116
343915
295340
410900
960283
506251
494635
766841
132015
837642
867830
221795
476736
994493
368527
285200
475287
355841
545229
862373
998887
254743
584389
483089
121178
228620
601267
879008
689355
409245
478144
676167
652112
379937
201299
295864
637163
900541
428653
211665
544113
598062
511251
156105
441719
823439
378360
567879
875619
127547
140921
148476
968991
615211
223800
782862
497743
933925
196769
105025
608297
574398
758287
817185
944668
693384
